0.00E+00	3.00E-12	6.00E-12	62	0.350282486
6.00E-12	9.00E-12	1.20E-11	20	0.11299435
1.20E-11	1.50E-11	1.80E-11	12	0.06779661
1.80E-11	2.10E-11	2.40E-11	6	0.033898305
2.40E-11	2.70E-11	3.00E-11	8	0.04519774
3.00E-11	3.30E-11	3.60E-11	5	0.028248588
3.60E-11	3.90E-11	4.20E-11	9	0.050847458
4.20E-11	4.50E-11	4.80E-11	1	0.005649718
4.80E-11	5.10E-11	5.40E-11	0	0
5.40E-11	5.70E-11	6.00E-11	5	0.028248588
6.00E-11	6.30E-11	6.60E-11	0	0
6.60E-11	6.90E-11	7.20E-11	5	0.028248588
7.20E-11	7.50E-11	7.80E-11	2	0.011299435
7.80E-11	8.10E-11	8.40E-11	2	0.011299435
8.40E-11	8.70E-11	9.00E-11	2	0.011299435
9.00E-11	9.30E-11	9.60E-11	0	0
9.60E-11	9.90E-11	1.02E-10	1	0.005649718
1.02E-10	1.05E-10	1.08E-10	1	0.005649718
1.08E-10	1.11E-10	1.14E-10	0	0
1.14E-10	1.17E-10	1.20E-10	3	0.016949153
1.20E-10	1.23E-10	1.26E-10	1	0.005649718
1.26E-10	1.29E-10	1.32E-10	1	0.005649718
1.32E-10	1.35E-10	1.38E-10	1	0.005649718
1.38E-10	1.41E-10	1.44E-10	1	0.005649718
1.44E-10	1.47E-10	1.50E-10	1	0.005649718
1.50E-10	1.53E-10	1.56E-10	0	0
1.56E-10	1.59E-10	1.62E-10	1	0.005649718
1.62E-10	1.65E-10	1.68E-10	0	0
1.68E-10	1.71E-10	1.74E-10	2	0.011299435
1.74E-10	1.77E-10	1.80E-10	0	0
1.80E-10	1.83E-10	1.86E-10	1	0.005649718
1.86E-10	1.89E-10	1.92E-10	0	0
1.92E-10	1.95E-10	1.98E-10	1	0.005649718
1.98E-10	2.01E-10	2.04E-10	1	0.005649718
2.04E-10	2.07E-10	2.10E-10	1	0.005649718
2.10E-10	2.13E-10	2.16E-10	0	0
2.16E-10	2.19E-10	2.22E-10	0	0
2.22E-10	2.25E-10	2.28E-10	0	0
2.28E-10	2.31E-10	2.34E-10	0	0
2.34E-10	2.37E-10	2.40E-10	0	0
2.40E-10	2.43E-10	2.46E-10	0	0
2.46E-10	2.49E-10	2.52E-10	2	0.011299435
2.52E-10	2.55E-10	2.58E-10	0	0
2.58E-10	2.61E-10	2.64E-10	0	0
2.64E-10	2.67E-10	2.70E-10	0	0
2.70E-10	2.73E-10	2.76E-10	0	0
2.76E-10	2.79E-10	2.82E-10	1	0.005649718
2.82E-10	2.85E-10	2.88E-10	0	0
2.88E-10	2.91E-10	2.94E-10	0	0
2.94E-10	2.97E-10	3.00E-10	0	0
3.00E-10	3.03E-10	3.06E-10	1	0.005649718
3.06E-10	3.09E-10	3.12E-10	0	0
3.12E-10	3.15E-10	3.18E-10	1	0.005649718
3.18E-10	3.21E-10	3.24E-10	2	0.011299435
3.24E-10	3.27E-10	3.30E-10	1	0.005649718
3.30E-10	3.33E-10	3.36E-10	0	0
3.36E-10	3.39E-10	3.42E-10	0	0
3.42E-10	3.45E-10	3.48E-10	0	0
3.48E-10	3.51E-10	3.54E-10	0	0
3.54E-10	3.57E-10	3.60E-10	0	0
3.60E-10	3.63E-10	3.66E-10	0	0
3.66E-10	3.69E-10	3.72E-10	1	0.005649718
3.72E-10	3.75E-10	3.78E-10	0	0
3.78E-10	3.81E-10	3.84E-10	0	0
3.84E-10	3.87E-10	3.90E-10	0	0
3.90E-10	3.93E-10	3.96E-10	0	0
3.96E-10	3.99E-10	4.02E-10	0	0
4.02E-10	4.05E-10	4.08E-10	2	0.011299435
4.08E-10	4.11E-10	4.14E-10	0	0
4.14E-10	4.17E-10	4.20E-10	1	0.005649718
4.20E-10	4.23E-10	4.26E-10	0	0
4.26E-10	4.29E-10	4.32E-10	0	0
4.32E-10	4.35E-10	4.38E-10	0	0
4.38E-10	4.41E-10	4.44E-10	0	0
4.44E-10	4.47E-10	4.50E-10	1	0.005649718
4.50E-10	4.53E-10	4.56E-10	0	0
4.56E-10	4.59E-10	4.62E-10	0	0
4.62E-10	4.65E-10	4.68E-10	0	0
4.68E-10	4.71E-10	4.74E-10	1	0.005649718
4.74E-10	4.77E-10	4.80E-10	0	0
4.80E-10	4.83E-10	4.86E-10	0	0
4.86E-10	4.89E-10	4.92E-10	0	0
4.92E-10	4.95E-10	4.98E-10	1	0.005649718
4.98E-10	5.01E-10	5.04E-10	0	0
5.04E-10	5.07E-10	5.10E-10	1	0.005649718
5.10E-10	5.13E-10	5.16E-10	0	0
5.16E-10	5.19E-10	5.22E-10	0	0
5.22E-10	5.25E-10	5.28E-10	1	0.005649718
5.28E-10	5.31E-10	5.34E-10	0	0
5.34E-10	5.37E-10	5.40E-10	0	0
5.40E-10	5.43E-10	5.46E-10	0	0
5.46E-10	5.49E-10	5.52E-10	0	0
5.52E-10	5.55E-10	5.58E-10	0	0
5.58E-10	5.61E-10	5.64E-10	0	0
5.64E-10	5.67E-10	5.70E-10	1	0.005649718
5.70E-10	5.73E-10	5.76E-10	0	0
5.76E-10	5.79E-10	5.82E-10	0	0
5.82E-10	5.85E-10	5.88E-10	0	0
5.88E-10	5.91E-10	5.94E-10	0	0
5.94E-10	5.97E-10	6.00E-10	0	0
6.00E-10	6.03E-10	6.06E-10	0	0
6.06E-10	6.09E-10	6.12E-10	0	0
6.12E-10	6.15E-10	6.18E-10	0	0
6.18E-10	6.21E-10	6.24E-10	0	0
6.24E-10	6.27E-10	6.30E-10	0	0
6.30E-10	6.33E-10	6.36E-10	0	0
6.36E-10	6.39E-10	6.42E-10	0	0
6.42E-10	6.45E-10	6.48E-10	0	0
6.48E-10	6.51E-10	6.54E-10	0	0
6.54E-10	6.57E-10	6.60E-10	0	0
6.60E-10	6.63E-10	6.66E-10	1	0.005649718
6.66E-10	6.69E-10	6.72E-10	0	0
6.72E-10	6.75E-10	6.78E-10	0	0
6.78E-10	6.81E-10	6.84E-10	0	0
6.84E-10	6.87E-10	6.90E-10	0	0
6.90E-10	6.93E-10	6.96E-10	0	0
6.96E-10	6.99E-10	7.02E-10	0	0
7.02E-10	7.05E-10	7.08E-10	0	0
7.08E-10	7.11E-10	7.14E-10	0	0
7.14E-10	7.17E-10	7.20E-10	0	0
7.20E-10	7.23E-10	7.26E-10	0	0
7.26E-10	7.29E-10	7.32E-10	0	0
7.32E-10	7.35E-10	7.38E-10	0	0
7.38E-10	7.41E-10	7.44E-10	0	0
7.44E-10	7.47E-10	7.50E-10	0	0
7.50E-10	7.53E-10	7.56E-10	0	0
7.56E-10	7.59E-10	7.62E-10	0	0
7.62E-10	7.65E-10	7.68E-10	0	0
7.68E-10	7.71E-10	7.74E-10	0	0
7.74E-10	7.77E-10	7.80E-10	0	0
7.80E-10	7.83E-10	7.86E-10	0	0
7.86E-10	7.89E-10	7.92E-10	0	0
7.92E-10	7.95E-10	7.98E-10	0	0
7.98E-10	8.01E-10	8.04E-10	0	0
8.04E-10	8.07E-10	8.10E-10	0	0
8.10E-10	8.13E-10	8.16E-10	1	0.005649718
8.16E-10	8.19E-10	8.22E-10	0	0
8.22E-10	8.25E-10	8.28E-10	0	0
8.28E-10	8.31E-10	8.34E-10	0	0
8.34E-10	8.37E-10	8.40E-10	0	0
8.40E-10	8.43E-10	8.46E-10	0	0
8.46E-10	8.49E-10	8.52E-10	0	0
8.52E-10	8.55E-10	8.58E-10	0	0
8.58E-10	8.61E-10	8.64E-10	0	0
8.64E-10	8.67E-10	8.70E-10	0	0
8.70E-10	8.73E-10	8.76E-10	0	0
8.76E-10	8.79E-10	8.82E-10	0	0
8.82E-10	8.85E-10	8.88E-10	0	0
8.88E-10	8.91E-10	8.94E-10	0	0
8.94E-10	8.97E-10	9.00E-10	0	0
9.00E-10	9.03E-10	9.06E-10	0	0
9.06E-10	9.09E-10	9.12E-10	0	0
9.12E-10	9.15E-10	9.18E-10	0	0
9.18E-10	9.21E-10	9.24E-10	0	0
9.24E-10	9.27E-10	9.30E-10	0	0
9.30E-10	9.33E-10	9.36E-10	0	0
9.36E-10	9.39E-10	9.42E-10	0	0
9.42E-10	9.45E-10	9.48E-10	0	0
9.48E-10	9.51E-10	9.54E-10	0	0
9.54E-10	9.57E-10	9.60E-10	0	0
9.60E-10	9.63E-10	9.66E-10	0	0
9.66E-10	9.69E-10	9.72E-10	0	0
9.72E-10	9.75E-10	9.78E-10	0	0
9.78E-10	9.81E-10	9.84E-10	0	0
9.84E-10	9.87E-10	9.90E-10	0	0
9.90E-10	9.93E-10	9.96E-10	0	0
9.96E-10	9.99E-10	1.00E-09	0	0
1.00E-09	1.01E-09	1.01E-09	0	0
1.01E-09	1.01E-09	1.01E-09	0	0
1.01E-09	1.02E-09	1.02E-09	0	0
1.02E-09	1.02E-09	1.03E-09	0	0
1.03E-09	1.03E-09	1.03E-09	0	0
1.03E-09	1.04E-09	1.04E-09	0	0
1.04E-09	1.04E-09	1.04E-09	0	0
1.04E-09	1.05E-09	1.05E-09	0	0
1.05E-09	1.05E-09	1.06E-09	0	0
1.06E-09	1.06E-09	1.06E-09	0	0
1.06E-09	1.07E-09	1.07E-09	0	0
1.07E-09	1.07E-09	1.07E-09	0	0
1.07E-09	1.08E-09	1.08E-09	0	0
1.08E-09	1.08E-09	1.09E-09	1	0.005649718
1.09E-09	1.09E-09	1.09E-09	0	0
1.09E-09	1.10E-09	1.10E-09	0	0
1.10E-09	1.10E-09	1.10E-09	0	0
1.10E-09	1.11E-09	1.11E-09	0	0
1.11E-09	1.11E-09	1.12E-09	0	0
1.12E-09	1.12E-09	1.12E-09	0	0
1.12E-09	1.13E-09	1.13E-09	0	0
1.13E-09	1.13E-09	1.13E-09	0	0
1.13E-09	1.14E-09	1.14E-09	0	0
1.14E-09	1.14E-09	1.15E-09	0	0
1.15E-09	1.15E-09	1.15E-09	0	0
1.15E-09	1.16E-09	1.16E-09	0	0
1.16E-09	1.16E-09	1.16E-09	0	0
1.16E-09	1.17E-09	1.17E-09	0	0
1.17E-09	1.17E-09	1.18E-09	0	0
1.18E-09	1.18E-09	1.18E-09	0	0
1.18E-09	1.19E-09	1.19E-09	0	0
1.19E-09	1.19E-09	1.19E-09	0	0
1.19E-09	1.20E-09	1.20E-09	0	0
1.20E-09	1.20E-09	1.21E-09	0	0
1.21E-09	1.21E-09	1.21E-09	0	0
1.21E-09	1.22E-09	1.22E-09	0	0
1.22E-09	1.22E-09	1.22E-09	0	0
1.22E-09	1.23E-09	1.23E-09	0	0
1.23E-09	1.23E-09	1.24E-09	0	0
1.24E-09	1.24E-09	1.24E-09	0	0
1.24E-09	1.25E-09	1.25E-09	0	0
1.25E-09	1.25E-09	1.25E-09	0	0
1.25E-09	1.26E-09	1.26E-09	0	0
1.26E-09	1.26E-09	1.27E-09	0	0
1.27E-09	1.27E-09	1.27E-09	0	0
1.27E-09	1.28E-09	1.28E-09	0	0
1.28E-09	1.28E-09	1.28E-09	0	0
1.28E-09	1.29E-09	1.29E-09	0	0
1.29E-09	1.29E-09	1.30E-09	0	0
1.30E-09	1.30E-09	1.30E-09	0	0
1.30E-09	1.31E-09	1.31E-09	0	0
1.31E-09	1.31E-09	1.31E-09	0	0
1.31E-09	1.32E-09	1.32E-09	0	0
1.32E-09	1.32E-09	1.33E-09	0	0
1.33E-09	1.33E-09	1.33E-09	0	0
1.33E-09	1.34E-09	1.34E-09	0	0
1.34E-09	1.34E-09	1.34E-09	0	0
1.34E-09	1.35E-09	1.35E-09	0	0
1.35E-09	1.35E-09	1.36E-09	0	0
1.36E-09	1.36E-09	1.36E-09	0	0
1.36E-09	1.37E-09	1.37E-09	0	0
1.37E-09	1.37E-09	1.37E-09	0	0
1.37E-09	1.38E-09	1.38E-09	0	0
1.38E-09	1.38E-09	1.39E-09	0	0
1.39E-09	1.39E-09	1.39E-09	0	0
1.39E-09	1.40E-09	1.40E-09	0	0
1.40E-09	1.40E-09	1.40E-09	0	0
1.40E-09	1.41E-09	1.41E-09	0	0
1.41E-09	1.41E-09	1.42E-09	0	0
1.42E-09	1.42E-09	1.42E-09	0	0
1.42E-09	1.43E-09	1.43E-09	0	0
1.43E-09	1.43E-09	1.43E-09	0	0
1.43E-09	1.44E-09	1.44E-09	0	0
1.44E-09	1.44E-09	1.45E-09	0	0
1.45E-09	1.45E-09	1.45E-09	0	0
1.45E-09	1.46E-09	1.46E-09	0	0
1.46E-09	1.46E-09	1.46E-09	0	0
1.46E-09	1.47E-09	1.47E-09	0	0
1.47E-09	1.47E-09	1.48E-09	0	0
1.48E-09	1.48E-09	1.48E-09	0	0
1.48E-09	1.49E-09	1.49E-09	0	0
1.49E-09	1.49E-09	1.49E-09	0	0
1.49E-09	1.50E-09	1.50E-09	0	0
1.50E-09	1.50E-09	1.51E-09	0	0
1.51E-09	1.51E-09	1.51E-09	0	0
1.51E-09	1.52E-09	1.52E-09	0	0
1.52E-09	1.52E-09	1.52E-09	0	0
1.52E-09	1.53E-09	1.53E-09	0	0
1.53E-09	1.53E-09	1.54E-09	0	0
1.54E-09	1.54E-09	1.54E-09	0	0
1.54E-09	1.55E-09	1.55E-09	0	0
1.55E-09	1.55E-09	1.55E-09	0	0
1.55E-09	1.56E-09	1.56E-09	0	0
1.56E-09	1.56E-09	1.57E-09	0	0
1.57E-09	1.57E-09	1.57E-09	0	0
1.57E-09	1.58E-09	1.58E-09	0	0
1.58E-09	1.58E-09	1.58E-09	0	0
1.58E-09	1.59E-09	1.59E-09	0	0
1.59E-09	1.59E-09	1.60E-09	0	0
1.60E-09	1.60E-09	1.60E-09	0	0
1.60E-09	1.61E-09	1.61E-09	0	0
1.61E-09	1.61E-09	1.61E-09	0	0
1.61E-09	1.62E-09	1.62E-09	0	0
1.62E-09	1.62E-09	1.63E-09	0	0
1.63E-09	1.63E-09	1.63E-09	0	0
1.63E-09	1.64E-09	1.64E-09	0	0
1.64E-09	1.64E-09	1.64E-09	0	0
1.64E-09	1.65E-09	1.65E-09	0	0
1.65E-09	1.65E-09	1.66E-09	0	0
1.66E-09	1.66E-09	1.66E-09	0	0
1.66E-09	1.67E-09	1.67E-09	0	0
1.67E-09	1.67E-09	1.67E-09	0	0
1.67E-09	1.68E-09	1.68E-09	0	0
1.68E-09	1.68E-09	1.69E-09	0	0
1.69E-09	1.69E-09	1.69E-09	0	0
1.69E-09	1.70E-09	1.70E-09	0	0
1.70E-09	1.70E-09	1.70E-09	0	0
1.70E-09	1.71E-09	1.71E-09	0	0
1.71E-09	1.71E-09	1.72E-09	0	0
1.72E-09	1.72E-09	1.72E-09	0	0
1.72E-09	1.73E-09	1.73E-09	0	0
1.73E-09	1.73E-09	1.73E-09	0	0
1.73E-09	1.74E-09	1.74E-09	0	0
1.74E-09	1.74E-09	1.75E-09	0	0
1.75E-09	1.75E-09	1.75E-09	0	0
1.75E-09	1.76E-09	1.76E-09	0	0
1.76E-09	1.76E-09	1.76E-09	0	0
1.76E-09	1.77E-09	1.77E-09	0	0
1.77E-09	1.77E-09	1.78E-09	0	0
1.78E-09	1.78E-09	1.78E-09	0	0
1.78E-09	1.79E-09	1.79E-09	0	0
1.79E-09	1.79E-09	1.79E-09	0	0
1.79E-09	1.80E-09	1.80E-09	0	0
1.80E-09	1.80E-09	1.81E-09	0	0
1.81E-09	1.81E-09	1.81E-09	0	0
1.81E-09	1.82E-09	1.82E-09	0	0
1.82E-09	1.82E-09	1.82E-09	0	0
1.82E-09	1.83E-09	1.83E-09	0	0
1.83E-09	1.83E-09	1.84E-09	0	0
1.84E-09	1.84E-09	1.84E-09	0	0
1.84E-09	1.85E-09	1.85E-09	0	0
1.85E-09	1.85E-09	1.85E-09	0	0
1.85E-09	1.86E-09	1.86E-09	0	0
1.86E-09	1.86E-09	1.87E-09	0	0
1.87E-09	1.87E-09	1.87E-09	0	0
1.87E-09	1.88E-09	1.88E-09	0	0
1.88E-09	1.88E-09	1.88E-09	0	0
1.88E-09	1.89E-09	1.89E-09	0	0
1.89E-09	1.89E-09	1.90E-09	0	0
1.90E-09	1.90E-09	1.90E-09	0	0
1.90E-09	1.91E-09	1.91E-09	0	0
1.91E-09	1.91E-09	1.91E-09	0	0
1.91E-09	1.92E-09	1.92E-09	0	0
1.92E-09	1.92E-09	1.93E-09	0	0
1.93E-09	1.93E-09	1.93E-09	0	0
1.93E-09	1.94E-09	1.94E-09	0	0
1.94E-09	1.94E-09	1.94E-09	0	0
1.94E-09	1.95E-09	1.95E-09	0	0
1.95E-09	1.95E-09	1.96E-09	0	0
1.96E-09	1.96E-09	1.96E-09	0	0
1.96E-09	1.97E-09	1.97E-09	0	0
1.97E-09	1.97E-09	1.97E-09	0	0
1.97E-09	1.98E-09	1.98E-09	0	0
1.98E-09	1.98E-09	1.99E-09	0	0
1.99E-09	1.99E-09	1.99E-09	0	0
1.99E-09	2.00E-09	2.00E-09	0	0
2.00E-09	2.00E-09	2.00E-09	0	0
2.00E-09	2.01E-09	2.01E-09	0	0
2.01E-09	2.01E-09	2.02E-09	0	0
2.02E-09	2.02E-09	2.02E-09	0	0
2.02E-09	2.03E-09	2.03E-09	0	0
2.03E-09	2.03E-09	2.03E-09	0	0
2.03E-09	2.04E-09	2.04E-09	0	0
2.04E-09	2.04E-09	2.05E-09	0	0
2.05E-09	2.05E-09	2.05E-09	0	0
2.05E-09	2.06E-09	2.06E-09	0	0
2.06E-09	2.06E-09	2.06E-09	0	0
2.06E-09	2.07E-09	2.07E-09	0	0
2.07E-09	2.07E-09	2.08E-09	0	0
2.08E-09	2.08E-09	2.08E-09	0	0
2.08E-09	2.09E-09	2.09E-09	0	0
2.09E-09	2.09E-09	2.09E-09	0	0
2.09E-09	2.10E-09	2.10E-09	0	0
2.10E-09	2.10E-09	2.11E-09	0	0
2.11E-09	2.11E-09	2.11E-09	0	0
2.11E-09	2.12E-09	2.12E-09	0	0
2.12E-09	2.12E-09	2.12E-09	0	0
2.12E-09	2.13E-09	2.13E-09	0	0
2.13E-09	2.13E-09	2.14E-09	0	0
2.14E-09	2.14E-09	2.14E-09	0	0
2.14E-09	2.15E-09	2.15E-09	0	0
2.15E-09	2.15E-09	2.15E-09	0	0
2.15E-09	2.16E-09	2.16E-09	0	0
2.16E-09	2.16E-09	2.17E-09	0	0
2.17E-09	2.17E-09	2.17E-09	0	0
2.17E-09	2.18E-09	2.18E-09	0	0
2.18E-09	2.18E-09	2.18E-09	0	0
2.18E-09	2.19E-09	2.19E-09	0	0
2.19E-09	2.19E-09	2.20E-09	0	0
2.20E-09	2.20E-09	2.20E-09	0	0
2.20E-09	2.21E-09	2.21E-09	0	0
2.21E-09	2.21E-09	2.21E-09	0	0
2.21E-09	2.22E-09	2.22E-09	0	0
2.22E-09	2.22E-09	2.23E-09	0	0
2.23E-09	2.23E-09	2.23E-09	0	0
2.23E-09	2.24E-09	2.24E-09	0	0
2.24E-09	2.24E-09	2.24E-09	0	0
2.24E-09	2.25E-09	2.25E-09	0	0
2.25E-09	2.25E-09	2.26E-09	0	0
2.26E-09	2.26E-09	2.26E-09	0	0
2.26E-09	2.27E-09	2.27E-09	0	0
2.27E-09	2.27E-09	2.27E-09	0	0
2.27E-09	2.28E-09	2.28E-09	0	0
2.28E-09	2.28E-09	2.29E-09	0	0
2.29E-09	2.29E-09	2.29E-09	0	0
2.29E-09	2.30E-09	2.30E-09	0	0
2.30E-09	2.30E-09	2.30E-09	0	0
2.30E-09	2.31E-09	2.31E-09	0	0
2.31E-09	2.31E-09	2.32E-09	0	0
2.32E-09	2.32E-09	2.32E-09	0	0
2.32E-09	2.33E-09	2.33E-09	0	0
2.33E-09	2.33E-09	2.33E-09	0	0
2.33E-09	2.34E-09	2.34E-09	0	0
2.34E-09	2.34E-09	2.35E-09	0	0
2.35E-09	2.35E-09	2.35E-09	0	0
2.35E-09	2.36E-09	2.36E-09	0	0
2.36E-09	2.36E-09	2.36E-09	0	0
2.36E-09	2.37E-09	2.37E-09	0	0
2.37E-09	2.37E-09	2.38E-09	0	0
2.38E-09	2.38E-09	2.38E-09	0	0
2.38E-09	2.39E-09	2.39E-09	0	0
2.39E-09	2.39E-09	2.39E-09	0	0
2.39E-09	2.40E-09	2.40E-09	0	0
2.40E-09	2.40E-09	2.41E-09	0	0
2.41E-09	2.41E-09	2.41E-09	0	0
2.41E-09	2.42E-09	2.42E-09	0	0
2.42E-09	2.42E-09	2.42E-09	0	0
2.42E-09	2.43E-09	2.43E-09	0	0
2.43E-09	2.43E-09	2.44E-09	0	0
2.44E-09	2.44E-09	2.44E-09	0	0
2.44E-09	2.45E-09	2.45E-09	0	0
2.45E-09	2.45E-09	2.45E-09	0	0
2.45E-09	2.46E-09	2.46E-09	0	0
2.46E-09	2.46E-09	2.47E-09	0	0
2.47E-09	2.47E-09	2.47E-09	0	0
2.47E-09	2.48E-09	2.48E-09	0	0
2.48E-09	2.48E-09	2.48E-09	0	0
2.48E-09	2.49E-09	2.49E-09	0	0
2.49E-09	2.49E-09	2.50E-09	0	0
2.50E-09	2.50E-09	2.50E-09	0	0
2.50E-09	2.51E-09	2.51E-09	0	0
2.51E-09	2.51E-09	2.51E-09	0	0
2.51E-09	2.52E-09	2.52E-09	0	0
2.52E-09	2.52E-09	2.53E-09	0	0
2.53E-09	2.53E-09	2.53E-09	0	0
2.53E-09	2.54E-09	2.54E-09	0	0
2.54E-09	2.54E-09	2.54E-09	0	0
2.54E-09	2.55E-09	2.55E-09	0	0
2.55E-09	2.55E-09	2.56E-09	0	0
2.56E-09	2.56E-09	2.56E-09	0	0
2.56E-09	2.57E-09	2.57E-09	0	0
2.57E-09	2.57E-09	2.57E-09	0	0
2.57E-09	2.58E-09	2.58E-09	0	0
2.58E-09	2.58E-09	2.59E-09	0	0
2.59E-09	2.59E-09	2.59E-09	0	0
2.59E-09	2.60E-09	2.60E-09	0	0
2.60E-09	2.60E-09	2.60E-09	0	0
2.60E-09	2.61E-09	2.61E-09	0	0
2.61E-09	2.61E-09	2.62E-09	0	0
2.62E-09	2.62E-09	2.62E-09	0	0
2.62E-09	2.63E-09	2.63E-09	0	0
2.63E-09	2.63E-09	2.63E-09	0	0
2.63E-09	2.64E-09	2.64E-09	0	0
2.64E-09	2.64E-09	2.65E-09	0	0
2.65E-09	2.65E-09	2.65E-09	0	0
2.65E-09	2.66E-09	2.66E-09	0	0
2.66E-09	2.66E-09	2.66E-09	0	0
2.66E-09	2.67E-09	2.67E-09	0	0
2.67E-09	2.67E-09	2.68E-09	0	0
2.68E-09	2.68E-09	2.68E-09	0	0
2.68E-09	2.69E-09	2.69E-09	0	0
2.69E-09	2.69E-09	2.69E-09	0	0
2.69E-09	2.70E-09	2.70E-09	0	0
2.70E-09	2.70E-09	2.71E-09	0	0
2.71E-09	2.71E-09	2.71E-09	0	0
2.71E-09	2.72E-09	2.72E-09	0	0
2.72E-09	2.72E-09	2.72E-09	0	0
2.72E-09	2.73E-09	2.73E-09	0	0
2.73E-09	2.73E-09	2.74E-09	0	0
2.74E-09	2.74E-09	2.74E-09	0	0
2.74E-09	2.75E-09	2.75E-09	0	0
2.75E-09	2.75E-09	2.75E-09	0	0
2.75E-09	2.76E-09	2.76E-09	0	0
2.76E-09	2.76E-09	2.77E-09	0	0
2.77E-09	2.77E-09	2.77E-09	0	0
2.77E-09	2.78E-09	2.78E-09	0	0
2.78E-09	2.78E-09	2.78E-09	0	0
2.78E-09	2.79E-09	2.79E-09	0	0
2.79E-09	2.79E-09	2.80E-09	0	0
2.80E-09	2.80E-09	2.80E-09	0	0
2.80E-09	2.81E-09	2.81E-09	0	0
2.81E-09	2.81E-09	2.81E-09	0	0
2.81E-09	2.82E-09	2.82E-09	0	0
2.82E-09	2.82E-09	2.83E-09	0	0
2.83E-09	2.83E-09	2.83E-09	0	0
2.83E-09	2.84E-09	2.84E-09	0	0
2.84E-09	2.84E-09	2.84E-09	0	0
2.84E-09	2.85E-09	2.85E-09	0	0
2.85E-09	2.85E-09	2.86E-09	0	0
2.86E-09	2.86E-09	2.86E-09	0	0
2.86E-09	2.87E-09	2.87E-09	0	0
2.87E-09	2.87E-09	2.87E-09	0	0
2.87E-09	2.88E-09	2.88E-09	0	0
2.88E-09	2.88E-09	2.89E-09	0	0
2.89E-09	2.89E-09	2.89E-09	0	0
2.89E-09	2.90E-09	2.90E-09	0	0
2.90E-09	2.90E-09	2.90E-09	0	0
2.90E-09	2.91E-09	2.91E-09	0	0
2.91E-09	2.91E-09	2.92E-09	0	0
2.92E-09	2.92E-09	2.92E-09	0	0
2.92E-09	2.93E-09	2.93E-09	0	0
2.93E-09	2.93E-09	2.93E-09	0	0
2.93E-09	2.94E-09	2.94E-09	0	0
2.94E-09	2.94E-09	2.95E-09	0	0
2.95E-09	2.95E-09	2.95E-09	0	0
2.95E-09	2.96E-09	2.96E-09	0	0
2.96E-09	2.96E-09	2.96E-09	0	0
2.96E-09	2.97E-09	2.97E-09	0	0
2.97E-09	2.97E-09	2.98E-09	0	0
2.98E-09	2.98E-09	2.98E-09	0	0
2.98E-09	2.99E-09	2.99E-09	0	0
2.99E-09	2.99E-09	2.99E-09	0	0
2.99E-09	3.00E-09	3.00E-09	0	0
3.00E-09	3.00E-09	3.01E-09	0	0
3.01E-09	3.01E-09	3.01E-09	0	0
3.01E-09	3.02E-09	3.02E-09	0	0
3.02E-09	3.02E-09	3.02E-09	0	0
3.02E-09	3.03E-09	3.03E-09	0	0
3.03E-09	3.03E-09	3.04E-09	0	0
3.04E-09	3.04E-09	3.04E-09	0	0
3.04E-09	3.05E-09	3.05E-09	0	0
3.05E-09	3.05E-09	3.05E-09	0	0
3.05E-09	3.06E-09	3.06E-09	0	0
3.06E-09	3.06E-09	3.07E-09	0	0
3.07E-09	3.07E-09	3.07E-09	0	0
3.07E-09	3.08E-09	3.08E-09	0	0
3.08E-09	3.08E-09	3.08E-09	0	0
3.08E-09	3.09E-09	3.09E-09	0	0
3.09E-09	3.09E-09	3.10E-09	0	0
3.10E-09	3.10E-09	3.10E-09	0	0
3.10E-09	3.11E-09	3.11E-09	0	0
3.11E-09	3.11E-09	3.11E-09	0	0
3.11E-09	3.12E-09	3.12E-09	0	0
3.12E-09	3.12E-09	3.13E-09	0	0
3.13E-09	3.13E-09	3.13E-09	0	0
3.13E-09	3.14E-09	3.14E-09	0	0
3.14E-09	3.14E-09	3.14E-09	0	0
3.14E-09	3.15E-09	3.15E-09	0	0
3.15E-09	3.15E-09	3.16E-09	0	0
3.16E-09	3.16E-09	3.16E-09	0	0
3.16E-09	3.17E-09	3.17E-09	0	0
3.17E-09	3.17E-09	3.17E-09	0	0
3.17E-09	3.18E-09	3.18E-09	0	0
3.18E-09	3.18E-09	3.19E-09	0	0
3.19E-09	3.19E-09	3.19E-09	0	0
3.19E-09	3.20E-09	3.20E-09	0	0
3.20E-09	3.20E-09	3.20E-09	0	0
3.20E-09	3.21E-09	3.21E-09	0	0
3.21E-09	3.21E-09	3.22E-09	0	0
3.22E-09	3.22E-09	3.22E-09	0	0
3.22E-09	3.23E-09	3.23E-09	0	0
3.23E-09	3.23E-09	3.23E-09	0	0
3.23E-09	3.24E-09	3.24E-09	0	0
3.24E-09	3.24E-09	3.25E-09	0	0
3.25E-09	3.25E-09	3.25E-09	0	0
3.25E-09	3.26E-09	3.26E-09	0	0
3.26E-09	3.26E-09	3.26E-09	0	0
3.26E-09	3.27E-09	3.27E-09	0	0
3.27E-09	3.27E-09	3.28E-09	0	0
3.28E-09	3.28E-09	3.28E-09	0	0
3.28E-09	3.29E-09	3.29E-09	0	0
3.29E-09	3.29E-09	3.29E-09	0	0
3.29E-09	3.30E-09	3.30E-09	0	0
3.30E-09	3.30E-09	3.31E-09	0	0
3.31E-09	3.31E-09	3.31E-09	0	0
3.31E-09	3.32E-09	3.32E-09	0	0
3.32E-09	3.32E-09	3.32E-09	0	0
3.32E-09	3.33E-09	3.33E-09	0	0
3.33E-09	3.33E-09	3.34E-09	0	0
3.34E-09	3.34E-09	3.34E-09	0	0
3.34E-09	3.35E-09	3.35E-09	0	0
3.35E-09	3.35E-09	3.35E-09	0	0
3.35E-09	3.36E-09	3.36E-09	0	0
3.36E-09	3.36E-09	3.37E-09	0	0
3.37E-09	3.37E-09	3.37E-09	0	0
3.37E-09	3.38E-09	3.38E-09	0	0
3.38E-09	3.38E-09	3.38E-09	0	0
3.38E-09	3.39E-09	3.39E-09	0	0
3.39E-09	3.39E-09	3.40E-09	0	0
3.40E-09	3.40E-09	3.40E-09	0	0
3.40E-09	3.41E-09	3.41E-09	0	0
3.41E-09	3.41E-09	3.41E-09	0	0
3.41E-09	3.42E-09	3.42E-09	0	0
3.42E-09	3.42E-09	3.43E-09	0	0
3.43E-09	3.43E-09	3.43E-09	0	0
3.43E-09	3.44E-09	3.44E-09	0	0
3.44E-09	3.44E-09	3.44E-09	0	0
3.44E-09	3.45E-09	3.45E-09	0	0
3.45E-09	3.45E-09	3.46E-09	0	0
3.46E-09	3.46E-09	3.46E-09	0	0
3.46E-09	3.47E-09	3.47E-09	0	0
3.47E-09	3.47E-09	3.47E-09	0	0
3.47E-09	3.48E-09	3.48E-09	0	0
3.48E-09	3.48E-09	3.49E-09	0	0
3.49E-09	3.49E-09	3.49E-09	0	0
3.49E-09	3.50E-09	3.50E-09	0	0
3.50E-09	3.50E-09	3.50E-09	0	0
3.50E-09	3.51E-09	3.51E-09	0	0
3.51E-09	3.51E-09	3.52E-09	0	0
3.52E-09	3.52E-09	3.52E-09	0	0
3.52E-09	3.53E-09	3.53E-09	0	0
3.53E-09	3.53E-09	3.53E-09	0	0
3.53E-09	3.54E-09	3.54E-09	0	0
3.54E-09	3.54E-09	3.55E-09	0	0
3.55E-09	3.55E-09	3.55E-09	0	0
3.55E-09	3.56E-09	3.56E-09	0	0
3.56E-09	3.56E-09	3.56E-09	0	0
3.56E-09	3.57E-09	3.57E-09	0	0
3.57E-09	3.57E-09	3.58E-09	0	0
3.58E-09	3.58E-09	3.58E-09	0	0
3.58E-09	3.59E-09	3.59E-09	0	0
3.59E-09	3.59E-09	3.59E-09	0	0
3.59E-09	3.60E-09	3.60E-09	0	0
3.60E-09	3.60E-09	3.61E-09	0	0
3.61E-09	3.61E-09	3.61E-09	0	0
3.61E-09	3.62E-09	3.62E-09	0	0
3.62E-09	3.62E-09	3.62E-09	0	0
3.62E-09	3.63E-09	3.63E-09	0	0
3.63E-09	3.63E-09	3.64E-09	0	0
3.64E-09	3.64E-09	3.64E-09	0	0
3.64E-09	3.65E-09	3.65E-09	0	0
3.65E-09	3.65E-09	3.65E-09	0	0
3.65E-09	3.66E-09	3.66E-09	0	0
3.66E-09	3.66E-09	3.67E-09	0	0
3.67E-09	3.67E-09	3.67E-09	0	0
3.67E-09	3.68E-09	3.68E-09	0	0
3.68E-09	3.68E-09	3.68E-09	0	0
3.68E-09	3.69E-09	3.69E-09	0	0
3.69E-09	3.69E-09	3.70E-09	0	0
3.70E-09	3.70E-09	3.70E-09	0	0
3.70E-09	3.71E-09	3.71E-09	0	0
3.71E-09	3.71E-09	3.71E-09	0	0
3.71E-09	3.72E-09	3.72E-09	0	0
3.72E-09	3.72E-09	3.73E-09	0	0
3.73E-09	3.73E-09	3.73E-09	0	0
3.73E-09	3.74E-09	3.74E-09	0	0
3.74E-09	3.74E-09	3.74E-09	0	0
3.74E-09	3.75E-09	3.75E-09	0	0
3.75E-09	3.75E-09	3.76E-09	0	0
3.76E-09	3.76E-09	3.76E-09	0	0
3.76E-09	3.77E-09	3.77E-09	0	0
3.77E-09	3.77E-09	3.77E-09	0	0
3.77E-09	3.78E-09	3.78E-09	0	0
3.78E-09	3.78E-09	3.79E-09	0	0
3.79E-09	3.79E-09	3.79E-09	0	0
3.79E-09	3.80E-09	3.80E-09	0	0
3.80E-09	3.80E-09	3.80E-09	0	0
3.80E-09	3.81E-09	3.81E-09	0	0
3.81E-09	3.81E-09	3.82E-09	0	0
3.82E-09	3.82E-09	3.82E-09	0	0
3.82E-09	3.83E-09	3.83E-09	0	0
3.83E-09	3.83E-09	3.83E-09	0	0
3.83E-09	3.84E-09	3.84E-09	0	0
3.84E-09	3.84E-09	3.85E-09	0	0
3.85E-09	3.85E-09	3.85E-09	0	0
3.85E-09	3.86E-09	3.86E-09	0	0
3.86E-09	3.86E-09	3.86E-09	0	0
3.86E-09	3.87E-09	3.87E-09	0	0
3.87E-09	3.87E-09	3.88E-09	0	0
3.88E-09	3.88E-09	3.88E-09	0	0
3.88E-09	3.89E-09	3.89E-09	0	0
3.89E-09	3.89E-09	3.89E-09	0	0
3.89E-09	3.90E-09	3.90E-09	0	0
3.90E-09	3.90E-09	3.91E-09	0	0
3.91E-09	3.91E-09	3.91E-09	0	0
3.91E-09	3.92E-09	3.92E-09	0	0
3.92E-09	3.92E-09	3.92E-09	0	0
3.92E-09	3.93E-09	3.93E-09	0	0
3.93E-09	3.93E-09	3.94E-09	0	0
3.94E-09	3.94E-09	3.94E-09	0	0
3.94E-09	3.95E-09	3.95E-09	0	0
3.95E-09	3.95E-09	3.95E-09	0	0
3.95E-09	3.96E-09	3.96E-09	0	0
3.96E-09	3.96E-09	3.97E-09	0	0
3.97E-09	3.97E-09	3.97E-09	0	0
3.97E-09	3.98E-09	3.98E-09	0	0
3.98E-09	3.98E-09	3.98E-09	0	0
3.98E-09	3.99E-09	3.99E-09	0	0
3.99E-09	3.99E-09	4.00E-09	0	0
4.00E-09	4.00E-09	4.00E-09	0	0
4.00E-09	4.01E-09	4.01E-09	0	0
4.01E-09	4.01E-09	4.01E-09	0	0
4.01E-09	4.02E-09	4.02E-09	0	0
4.02E-09	4.02E-09	4.03E-09	0	0
4.03E-09	4.03E-09	4.03E-09	0	0
4.03E-09	4.04E-09	4.04E-09	0	0
4.04E-09	4.04E-09	4.04E-09	0	0
4.04E-09	4.05E-09	4.05E-09	0	0
4.05E-09	4.05E-09	4.06E-09	0	0
4.06E-09	4.06E-09	4.06E-09	0	0
4.06E-09	4.07E-09	4.07E-09	0	0
4.07E-09	4.07E-09	4.07E-09	0	0
4.07E-09	4.08E-09	4.08E-09	0	0
4.08E-09	4.08E-09	4.09E-09	0	0
4.09E-09	4.09E-09	4.09E-09	0	0
4.09E-09	4.10E-09	4.10E-09	0	0
4.10E-09	4.10E-09	4.10E-09	0	0
4.10E-09	4.11E-09	4.11E-09	0	0
4.11E-09	4.11E-09	4.12E-09	0	0
4.12E-09	4.12E-09	4.12E-09	0	0
4.12E-09	4.13E-09	4.13E-09	0	0
4.13E-09	4.13E-09	4.13E-09	0	0
4.13E-09	4.14E-09	4.14E-09	0	0
4.14E-09	4.14E-09	4.15E-09	0	0
4.15E-09	4.15E-09	4.15E-09	0	0
4.15E-09	4.16E-09	4.16E-09	0	0
4.16E-09	4.16E-09	4.16E-09	0	0
4.16E-09	4.17E-09	4.17E-09	0	0
4.17E-09	4.17E-09	4.18E-09	0	0
4.18E-09	4.18E-09	4.18E-09	0	0
4.18E-09	4.19E-09	4.19E-09	0	0
4.19E-09	4.19E-09	4.19E-09	0	0
4.19E-09	4.20E-09	4.20E-09	0	0
4.20E-09	4.20E-09	4.21E-09	0	0
4.21E-09	4.21E-09	4.21E-09	0	0
4.21E-09	4.22E-09	4.22E-09	0	0
4.22E-09	4.22E-09	4.22E-09	0	0
4.22E-09	4.23E-09	4.23E-09	0	0
4.23E-09	4.23E-09	4.24E-09	0	0
4.24E-09	4.24E-09	4.24E-09	0	0
4.24E-09	4.25E-09	4.25E-09	0	0
4.25E-09	4.25E-09	4.25E-09	0	0
4.25E-09	4.26E-09	4.26E-09	0	0
4.26E-09	4.26E-09	4.27E-09	0	0
4.27E-09	4.27E-09	4.27E-09	0	0
4.27E-09	4.28E-09	4.28E-09	0	0
4.28E-09	4.28E-09	4.28E-09	0	0
4.28E-09	4.29E-09	4.29E-09	0	0
4.29E-09	4.29E-09	4.30E-09	0	0
4.30E-09	4.30E-09	4.30E-09	0	0
4.30E-09	4.31E-09	4.31E-09	0	0
4.31E-09	4.31E-09	4.31E-09	0	0
4.31E-09	4.32E-09	4.32E-09	0	0
4.32E-09	4.32E-09	4.33E-09	0	0
4.33E-09	4.33E-09	4.33E-09	0	0
4.33E-09	4.34E-09	4.34E-09	0	0
4.34E-09	4.34E-09	4.34E-09	0	0
4.34E-09	4.35E-09	4.35E-09	0	0
4.35E-09	4.35E-09	4.36E-09	0	0
4.36E-09	4.36E-09	4.36E-09	0	0
4.36E-09	4.37E-09	4.37E-09	0	0
4.37E-09	4.37E-09	4.37E-09	0	0
4.37E-09	4.38E-09	4.38E-09	0	0
4.38E-09	4.38E-09	4.39E-09	0	0
4.39E-09	4.39E-09	4.39E-09	0	0
4.39E-09	4.40E-09	4.40E-09	0	0
4.40E-09	4.40E-09	4.40E-09	0	0
4.40E-09	4.41E-09	4.41E-09	0	0
4.41E-09	4.41E-09	4.42E-09	0	0
4.42E-09	4.42E-09	4.42E-09	0	0
4.42E-09	4.43E-09	4.43E-09	0	0
4.43E-09	4.43E-09	4.43E-09	0	0
4.43E-09	4.44E-09	4.44E-09	0	0
4.44E-09	4.44E-09	4.45E-09	0	0
4.45E-09	4.45E-09	4.45E-09	0	0
4.45E-09	4.46E-09	4.46E-09	0	0
4.46E-09	4.46E-09	4.46E-09	0	0
4.46E-09	4.47E-09	4.47E-09	0	0
4.47E-09	4.47E-09	4.48E-09	0	0
4.48E-09	4.48E-09	4.48E-09	0	0
4.48E-09	4.49E-09	4.49E-09	0	0
4.49E-09	4.49E-09	4.49E-09	0	0
4.49E-09	4.50E-09	4.50E-09	0	0
4.50E-09	4.50E-09	4.51E-09	0	0
4.51E-09	4.51E-09	4.51E-09	0	0
4.51E-09	4.52E-09	4.52E-09	0	0
4.52E-09	4.52E-09	4.52E-09	0	0
4.52E-09	4.53E-09	4.53E-09	0	0
4.53E-09	4.53E-09	4.54E-09	0	0
4.54E-09	4.54E-09	4.54E-09	0	0
4.54E-09	4.55E-09	4.55E-09	0	0
4.55E-09	4.55E-09	4.55E-09	0	0
4.55E-09	4.56E-09	4.56E-09	0	0
4.56E-09	4.56E-09	4.57E-09	0	0
4.57E-09	4.57E-09	4.57E-09	0	0
4.57E-09	4.58E-09	4.58E-09	0	0
4.58E-09	4.58E-09	4.58E-09	0	0
4.58E-09	4.59E-09	4.59E-09	0	0
4.59E-09	4.59E-09	4.60E-09	0	0
4.60E-09	4.60E-09	4.60E-09	0	0
4.60E-09	4.61E-09	4.61E-09	0	0
4.61E-09	4.61E-09	4.61E-09	0	0
4.61E-09	4.62E-09	4.62E-09	0	0
4.62E-09	4.62E-09	4.63E-09	0	0
4.63E-09	4.63E-09	4.63E-09	0	0
4.63E-09	4.64E-09	4.64E-09	0	0
4.64E-09	4.64E-09	4.64E-09	0	0
4.64E-09	4.65E-09	4.65E-09	0	0
4.65E-09	4.65E-09	4.66E-09	0	0
4.66E-09	4.66E-09	4.66E-09	0	0
4.66E-09	4.67E-09	4.67E-09	0	0
4.67E-09	4.67E-09	4.67E-09	0	0
4.67E-09	4.68E-09	4.68E-09	0	0
4.68E-09	4.68E-09	4.69E-09	0	0
4.69E-09	4.69E-09	4.69E-09	0	0
4.69E-09	4.70E-09	4.70E-09	0	0
4.70E-09	4.70E-09	4.70E-09	0	0
4.70E-09	4.71E-09	4.71E-09	0	0
4.71E-09	4.71E-09	4.72E-09	0	0
4.72E-09	4.72E-09	4.72E-09	0	0
4.72E-09	4.73E-09	4.73E-09	0	0
4.73E-09	4.73E-09	4.73E-09	0	0
4.73E-09	4.74E-09	4.74E-09	0	0
4.74E-09	4.74E-09	4.75E-09	0	0
4.75E-09	4.75E-09	4.75E-09	0	0
4.75E-09	4.76E-09	4.76E-09	0	0
4.76E-09	4.76E-09	4.76E-09	0	0
4.76E-09	4.77E-09	4.77E-09	0	0
4.77E-09	4.77E-09	4.78E-09	0	0
4.78E-09	4.78E-09	4.78E-09	0	0
4.78E-09	4.79E-09	4.79E-09	0	0
4.79E-09	4.79E-09	4.79E-09	0	0
4.79E-09	4.80E-09	4.80E-09	0	0
4.80E-09	4.80E-09	4.81E-09	0	0
4.81E-09	4.81E-09	4.81E-09	0	0
4.81E-09	4.82E-09	4.82E-09	0	0
4.82E-09	4.82E-09	4.82E-09	0	0
4.82E-09	4.83E-09	4.83E-09	0	0
4.83E-09	4.83E-09	4.84E-09	0	0
4.84E-09	4.84E-09	4.84E-09	0	0
4.84E-09	4.85E-09	4.85E-09	0	0
4.85E-09	4.85E-09	4.85E-09	0	0
4.85E-09	4.86E-09	4.86E-09	0	0
4.86E-09	4.86E-09	4.87E-09	0	0
4.87E-09	4.87E-09	4.87E-09	0	0
4.87E-09	4.88E-09	4.88E-09	0	0
4.88E-09	4.88E-09	4.88E-09	0	0
4.88E-09	4.89E-09	4.89E-09	0	0
4.89E-09	4.89E-09	4.90E-09	0	0
4.90E-09	4.90E-09	4.90E-09	0	0
4.90E-09	4.91E-09	4.91E-09	0	0
4.91E-09	4.91E-09	4.91E-09	0	0
4.91E-09	4.92E-09	4.92E-09	0	0
4.92E-09	4.92E-09	4.93E-09	0	0
4.93E-09	4.93E-09	4.93E-09	0	0
4.93E-09	4.94E-09	4.94E-09	0	0
4.94E-09	4.94E-09	4.94E-09	0	0
4.94E-09	4.95E-09	4.95E-09	0	0
4.95E-09	4.95E-09	4.96E-09	0	0
4.96E-09	4.96E-09	4.96E-09	0	0
4.96E-09	4.97E-09	4.97E-09	0	0
4.97E-09	4.97E-09	4.97E-09	0	0
4.97E-09	4.98E-09	4.98E-09	0	0
4.98E-09	4.98E-09	4.99E-09	0	0
4.99E-09	4.99E-09	4.99E-09	0	0
4.99E-09	5.00E-09	5.00E-09	0	0
5.00E-09	5.00E-09	5.00E-09	0	0
5.00E-09	5.01E-09	5.01E-09	0	0
5.01E-09	5.01E-09	5.02E-09	0	0
5.02E-09	5.02E-09	5.02E-09	0	0
5.02E-09	5.03E-09	5.03E-09	0	0
5.03E-09	5.03E-09	5.03E-09	0	0
5.03E-09	5.04E-09	5.04E-09	0	0
5.04E-09	5.04E-09	5.05E-09	0	0
5.05E-09	5.05E-09	5.05E-09	0	0
5.05E-09	5.06E-09	5.06E-09	0	0
5.06E-09	5.06E-09	5.06E-09	0	0
5.06E-09	5.07E-09	5.07E-09	0	0
5.07E-09	5.07E-09	5.08E-09	0	0
5.08E-09	5.08E-09	5.08E-09	0	0
5.08E-09	5.09E-09	5.09E-09	0	0
5.09E-09	5.09E-09	5.09E-09	0	0
5.09E-09	5.10E-09	5.10E-09	0	0
5.10E-09	5.10E-09	5.11E-09	0	0
5.11E-09	5.11E-09	5.11E-09	0	0
5.11E-09	5.12E-09	5.12E-09	0	0
5.12E-09	5.12E-09	5.12E-09	0	0
5.12E-09	5.13E-09	5.13E-09	0	0
5.13E-09	5.13E-09	5.14E-09	0	0
5.14E-09	5.14E-09	5.14E-09	0	0
5.14E-09	5.15E-09	5.15E-09	0	0
5.15E-09	5.15E-09	5.15E-09	0	0
5.15E-09	5.16E-09	5.16E-09	0	0
5.16E-09	5.16E-09	5.17E-09	0	0
5.17E-09	5.17E-09	5.17E-09	0	0
5.17E-09	5.18E-09	5.18E-09	0	0
5.18E-09	5.18E-09	5.18E-09	0	0
5.18E-09	5.19E-09	5.19E-09	0	0
5.19E-09	5.19E-09	5.20E-09	0	0
5.20E-09	5.20E-09	5.20E-09	0	0
5.20E-09	5.21E-09	5.21E-09	0	0
5.21E-09	5.21E-09	5.21E-09	0	0
5.21E-09	5.22E-09	5.22E-09	0	0
5.22E-09	5.22E-09	5.23E-09	0	0
5.23E-09	5.23E-09	5.23E-09	0	0
5.23E-09	5.24E-09	5.24E-09	0	0
5.24E-09	5.24E-09	5.24E-09	0	0
5.24E-09	5.25E-09	5.25E-09	0	0
5.25E-09	5.25E-09	5.26E-09	0	0
5.26E-09	5.26E-09	5.26E-09	0	0
5.26E-09	5.27E-09	5.27E-09	0	0
5.27E-09	5.27E-09	5.27E-09	0	0
5.27E-09	5.28E-09	5.28E-09	0	0
5.28E-09	5.28E-09	5.29E-09	0	0
5.29E-09	5.29E-09	5.29E-09	0	0
5.29E-09	5.30E-09	5.30E-09	0	0
5.30E-09	5.30E-09	5.30E-09	0	0
5.30E-09	5.31E-09	5.31E-09	0	0
5.31E-09	5.31E-09	5.32E-09	0	0
5.32E-09	5.32E-09	5.32E-09	0	0
5.32E-09	5.33E-09	5.33E-09	0	0
5.33E-09	5.33E-09	5.33E-09	0	0
5.33E-09	5.34E-09	5.34E-09	0	0
5.34E-09	5.34E-09	5.35E-09	0	0
5.35E-09	5.35E-09	5.35E-09	0	0
5.35E-09	5.36E-09	5.36E-09	0	0
5.36E-09	5.36E-09	5.36E-09	0	0
5.36E-09	5.37E-09	5.37E-09	0	0
5.37E-09	5.37E-09	5.38E-09	0	0
5.38E-09	5.38E-09	5.38E-09	0	0
5.38E-09	5.39E-09	5.39E-09	0	0
5.39E-09	5.39E-09	5.39E-09	0	0
5.39E-09	5.40E-09	5.40E-09	0	0
5.40E-09	5.40E-09	5.41E-09	0	0
5.41E-09	5.41E-09	5.41E-09	0	0
5.41E-09	5.42E-09	5.42E-09	0	0
5.42E-09	5.42E-09	5.42E-09	0	0
5.42E-09	5.43E-09	5.43E-09	0	0
5.43E-09	5.43E-09	5.44E-09	0	0
5.44E-09	5.44E-09	5.44E-09	0	0
5.44E-09	5.45E-09	5.45E-09	0	0
5.45E-09	5.45E-09	5.45E-09	0	0
5.45E-09	5.46E-09	5.46E-09	0	0
5.46E-09	5.46E-09	5.47E-09	0	0
5.47E-09	5.47E-09	5.47E-09	0	0
5.47E-09	5.48E-09	5.48E-09	0	0
5.48E-09	5.48E-09	5.48E-09	0	0
5.48E-09	5.49E-09	5.49E-09	0	0
5.49E-09	5.49E-09	5.50E-09	0	0
5.50E-09	5.50E-09	5.50E-09	0	0
5.50E-09	5.51E-09	5.51E-09	0	0
5.51E-09	5.51E-09	5.51E-09	0	0
5.51E-09	5.52E-09	5.52E-09	0	0
5.52E-09	5.52E-09	5.53E-09	0	0
5.53E-09	5.53E-09	5.53E-09	0	0
5.53E-09	5.54E-09	5.54E-09	0	0
5.54E-09	5.54E-09	5.54E-09	0	0
5.54E-09	5.55E-09	5.55E-09	0	0
5.55E-09	5.55E-09	5.56E-09	0	0
5.56E-09	5.56E-09	5.56E-09	0	0
5.56E-09	5.57E-09	5.57E-09	0	0
5.57E-09	5.57E-09	5.57E-09	0	0
5.57E-09	5.58E-09	5.58E-09	0	0
5.58E-09	5.58E-09	5.59E-09	0	0
5.59E-09	5.59E-09	5.59E-09	0	0
5.59E-09	5.60E-09	5.60E-09	0	0
5.60E-09	5.60E-09	5.60E-09	0	0
5.60E-09	5.61E-09	5.61E-09	0	0
5.61E-09	5.61E-09	5.62E-09	0	0
5.62E-09	5.62E-09	5.62E-09	0	0
5.62E-09	5.63E-09	5.63E-09	0	0
5.63E-09	5.63E-09	5.63E-09	0	0
5.63E-09	5.64E-09	5.64E-09	0	0
5.64E-09	5.64E-09	5.65E-09	0	0
5.65E-09	5.65E-09	5.65E-09	0	0
5.65E-09	5.66E-09	5.66E-09	0	0
5.66E-09	5.66E-09	5.66E-09	0	0
5.66E-09	5.67E-09	5.67E-09	0	0
5.67E-09	5.67E-09	5.68E-09	0	0
5.68E-09	5.68E-09	5.68E-09	0	0
5.68E-09	5.69E-09	5.69E-09	0	0
5.69E-09	5.69E-09	5.69E-09	0	0
5.69E-09	5.70E-09	5.70E-09	0	0
5.70E-09	5.70E-09	5.71E-09	0	0
5.71E-09	5.71E-09	5.71E-09	0	0
5.71E-09	5.72E-09	5.72E-09	0	0
5.72E-09	5.72E-09	5.72E-09	0	0
5.72E-09	5.73E-09	5.73E-09	0	0
5.73E-09	5.73E-09	5.74E-09	0	0
5.74E-09	5.74E-09	5.74E-09	0	0
5.74E-09	5.75E-09	5.75E-09	0	0
5.75E-09	5.75E-09	5.75E-09	0	0
5.75E-09	5.76E-09	5.76E-09	0	0
5.76E-09	5.76E-09	5.77E-09	0	0
5.77E-09	5.77E-09	5.77E-09	0	0
5.77E-09	5.78E-09	5.78E-09	0	0
5.78E-09	5.78E-09	5.78E-09	0	0
5.78E-09	5.79E-09	5.79E-09	0	0
5.79E-09	5.79E-09	5.80E-09	0	0
5.80E-09	5.80E-09	5.80E-09	0	0
5.80E-09	5.81E-09	5.81E-09	0	0
5.81E-09	5.81E-09	5.81E-09	0	0
5.81E-09	5.82E-09	5.82E-09	0	0
5.82E-09	5.82E-09	5.83E-09	0	0
5.83E-09	5.83E-09	5.83E-09	0	0
5.83E-09	5.84E-09	5.84E-09	0	0
5.84E-09	5.84E-09	5.84E-09	0	0
5.84E-09	5.85E-09	5.85E-09	0	0
5.85E-09	5.85E-09	5.86E-09	0	0
5.86E-09	5.86E-09	5.86E-09	0	0
5.86E-09	5.87E-09	5.87E-09	0	0
5.87E-09	5.87E-09	5.87E-09	0	0
5.87E-09	5.88E-09	5.88E-09	0	0
5.88E-09	5.88E-09	5.89E-09	0	0
5.89E-09	5.89E-09	5.89E-09	0	0
5.89E-09	5.90E-09	5.90E-09	0	0
5.90E-09	5.90E-09	5.90E-09	0	0
5.90E-09	5.91E-09	5.91E-09	0	0
5.91E-09	5.91E-09	5.92E-09	0	0
5.92E-09	5.92E-09	5.92E-09	0	0
5.92E-09	5.93E-09	5.93E-09	0	0
5.93E-09	5.93E-09	5.93E-09	0	0
5.93E-09	5.94E-09	5.94E-09	0	0
5.94E-09	5.94E-09	5.95E-09	0	0
5.95E-09	5.95E-09	5.95E-09	0	0
5.95E-09	5.96E-09	5.96E-09	0	0
5.96E-09	5.96E-09	5.96E-09	0	0
5.96E-09	5.97E-09	5.97E-09	0	0
5.97E-09	5.97E-09	5.98E-09	0	0
5.98E-09	5.98E-09	5.98E-09	0	0
5.98E-09	5.99E-09	5.99E-09	0	0
5.99E-09	5.99E-09	5.99E-09	0	0
5.99E-09	6.00E-09	6.00E-09	0	0
